1 2
1 3
2 3
1 4
2 4
3 4
1 5
2 5
1 6
2 6
5 6
1 7
2 7
3 7
5 7
6 7
1 8
2 8
4 8
5 8
6 8
1 9
2 9
3 9
4 9
5 9
6 9
7 9
1 10
2 10
3 10
4 10
5 10
6 10
8 10
1 11
2 11
3 11
4 11
5 11
6 11
9 11
1 12
2 12
3 12
4 12
5 12
6 12
10 12
5 13
6 13
5 14
6 14
13 14
3 15
4 16
9 17
11 17
10 18
12 18
15 19
16 20
7 21
8 22
9 23
17 23
10 24
18 24
7 25
21 25
8 26
22 26
3 27
7 27
15 27
19 27
21 27
4 28
8 28
16 28
20 28
22 28
5 29
6 29
13 29
14 29
5 30
6 30
13 30
14 30
29 30
13 31
14 31
29 31
30 31
13 32
14 32
29 32
30 32
31 32
17 33
23 33
18 34
24 34
11 35
12 36
3 37
15 37
19 37
4 38
16 38
20 38
17 39
23 39
33 39
18 40
24 40
34 40
21 41
25 41
22 42
26 42
15 43
19 43
16 44
20 44
29 45
31 45
32 45
30 46
31 46
32 46
45 46
19 47
37 47
43 47
20 48
38 48
44 48
1 49
2 49
3 49
4 49
15 49
16 49
19 49
37 49
38 49
1 50
2 50
3 50
4 50
15 50
16 50
20 50
37 50
38 50
49 50
1 51
2 51
5 51
6 51
9 51
13 51
14 51
17 51
23 51
29 51
1 52
2 52
5 52
6 52
10 52
13 52
14 52
18 52
24 52
30 52
1 53
2 53
9 53
11 53
17 53
33 53
35 53
1 54
2 54
10 54
12 54
18 54
34 54
36 54
21 55
25 55
41 55
22 56
26 56
42 56
23 57
39 57
51 57
24 58
40 58
52 58
43 59
47 59
44 60
48 60
45 61
46 61
45 62
46 62
61 62
35 63
36 64
33 65
39 65
34 66
40 66
39 67
57 67
65 67
40 68
58 68
66 68
21 69
27 69
55 69
22 70
28 70
56 70
15 71
19 71
27 71
43 71
59 71
16 72
20 72
28 72
44 72
60 72
41 73
42 74
43 75
47 75
59 75
44 76
48 76
60 76
33 77
39 77
65 77
34 78
40 78
66 78
45 79
61 79
62 79
46 80
61 80
62 80
19 81
37 81
47 81
49 81
20 82
38 82
48 82
50 82
81 82
29 83
31 83
45 83
51 83
57 83
30 84
32 84
46 84
52 84
58 84
1 85
2 85
7 85
25 85
1 86
2 86
8 86
26 86
65 87
67 87
77 87
66 88
68 88
78 88
35 89
63 89
36 90
64 90
55 91
56 92
27 93
43 93
59 93
69 93
71 93
28 94
44 94
60 94
70 94
72 94
47 95
75 95
81 95
48 96
76 96
82 96
61 97
62 97
79 97
61 98
62 98
80 98
97 98
67 99
87 99
68 100
88 100
59 101
75 101
60 102
76 102
75 103
76 104
61 105
79 105
97 105
62 106
80 106
98 106
57 107
67 107
99 107
58 108
68 108
100 108
75 109
95 109
76 110
96 110
45 111
79 111
83 111
46 112
80 112
84 112
73 113
74 114
97 115
98 115
97 116
98 116
115 116
99 117
100 118
59 119
75 119
101 119
103 119
60 120
76 120
102 120
104 120
55 121
69 121
91 121
93 121
56 122
70 122
92 122
94 122
67 123
87 123
99 123
117 123
68 124
88 124
100 124
118 124
103 125
109 125
104 126
110 126
35 127
53 127
63 127
89 127
36 128
54 128
64 128
90 128
91 129
92 130
97 131
98 131
105 131
115 131
116 131
97 132
98 132
106 132
115 132
116 132
81 133
82 133
95 133
81 134
82 134
96 134
133 134
109 135
110 136
101 137
119 137
102 138
120 138
17 139
33 139
53 139
77 139
127 139
18 140
34 140
54 140
78 140
128 140
115 141
116 141
131 141
115 142
116 142
132 142
103 143
104 144
75 145
95 145
103 145
109 145
119 145
125 145
76 146
96 146
104 146
110 146
120 146
126 146
43 147
59 147
93 147
101 147
137 147
44 148
60 148
94 148
102 148
138 148
123 149
124 150
129 151
130 152
87 153
123 153
149 153
88 154
124 154
150 154
105 155
106 156
41 157
55 157
73 157
91 157
42 158
56 158
74 158
92 158
33 159
77 159
139 159
34 160
78 160
140 160
65 161
77 161
87 161
153 161
66 162
78 162
88 162
154 162
89 163
90 164
25 165
41 165
73 165
157 165
26 166
42 166
74 166
158 166
55 167
91 167
121 167
56 168
92 168
122 168
63 169
89 169
163 169
64 170
90 170
164 170
73 171
113 171
165 171
74 172
114 172
166 172
77 173
159 173
161 173
78 174
160 174
162 174
79 175
105 175
155 175
80 176
106 176
156 176
173 177
174 178
103 179
125 179
104 180
126 180
67 181
99 181
107 181
117 181
123 181
68 182
100 182
108 182
118 182
124 182
99 183
117 183
123 183
149 183
153 183
100 184
118 184
124 184
150 184
154 184
149 185
153 185
161 185
150 186
154 186
162 186
163 187
164 188
113 189
171 189
114 190
172 190
167 191
168 192
101 193
103 193
119 193
137 193
143 193
102 194
104 194
120 194
138 194
144 194
95 195
109 195
135 195
96 196
110 196
136 196
25 197
85 197
26 198
86 198
15 199
21 199
27 199
69 199
71 199
93 199
121 199
16 200
22 200
28 200
70 200
72 200
94 200
122 200
17 201
23 201
29 201
39 201
51 201
57 201
83 201
107 201
18 202
24 202
30 202
40 202
52 202
58 202
84 202
108 202
149 203
183 203
150 204
184 204
185 205
186 206
179 207
180 208
203 209
204 210
141 211
142 212
137 213
138 214
107 215
111 215
108 216
112 216
115 217
116 217
131 217
141 217
211 217
115 218
116 218
132 218
142 218
212 218
15 219
37 219
38 219
49 219
50 219
81 219
82 219
133 219
134 219
16 220
37 220
38 220
49 220
50 220
81 220
82 220
133 220
134 220
219 220
73 221
91 221
113 221
129 221
157 221
74 222
92 222
114 222
130 222
158 222
143 223
193 223
144 224
194 224
63 225
127 225
64 226
128 226
191 227
192 228
197 229
198 230
93 231
121 231
147 231
94 232
122 232
148 232
19 233
37 233
47 233
75 233
81 233
95 233
133 233
20 234
38 234
48 234
76 234
82 234
96 234
134 234
177 235
178 236
143 237
223 237
144 238
224 238
81 239
95 239
109 239
133 239
195 239
233 239
82 240
96 240
110 240
134 240
196 240
234 240
121 241
167 241
231 241
122 242
168 242
232 242
117 243
118 244
57 245
107 245
111 245
181 245
215 245
58 246
108 246
112 246
182 246
216 246
187 247
188 248
45 249
79 249
105 249
111 249
175 249
215 249
46 250
80 250
106 250
112 250
176 250
216 250
151 251
152 252
87 253
153 253
161 253
173 253
185 253
88 254
154 254
162 254
174 254
186 254
99 255
117 255
181 255
243 255
100 256
118 256
182 256
244 256
149 257
203 257
209 257
150 258
204 258
210 258
57 259
83 259
107 259
111 259
201 259
215 259
245 259
58 260
84 260
108 260
112 260
202 260
216 260
246 260
223 261
237 261
224 262
238 262
189 263
190 264
205 265
206 266
103 267
125 267
143 267
145 267
179 267
207 267
104 268
126 268
144 268
146 268
180 268
208 268
209 269
257 269
210 270
258 270
207 271
208 272
149 273
153 273
185 273
205 273
150 274
154 274
186 274
206 274
211 275
212 276
271 277
272 278
135 279
136 280
213 281
214 282
155 283
156 284
269 287
270 288
133 289
239 289
134 290
240 290
227 291
228 292
231 293
241 293
232 294
242 294
243 295
244 296
215 297
245 297
216 298
246 298
185 299
205 299
265 299
273 299
186 300
206 300
266 300
274 300
263 301
264 302
265 303
299 303
266 304
300 304
301 305
302 306
247 307
248 308
237 309
261 309
285 309
238 310
262 310
286 310
279 311
280 312
295 315
296 316
1 319
2 319
11 319
35 319
53 319
63 319
1 320
2 320
12 320
36 320
54 320
64 320
1 321
2 321
3 321
4 321
5 321
6 321
7 321
10 321
11 321
15 321
21 321
27 321
1 322
2 322
3 322
4 322
5 322
6 322
8 322
9 322
12 322
16 322
22 322
28 322
321 322
1 323
2 323
3 323
7 323
9 323
11 323
35 323
319 323
321 323
1 324
2 324
4 324
8 324
10 324
12 324
36 324
320 324
322 324
35 325
63 325
319 325
323 325
36 326
64 326
320 326
324 326
